1.40087424e+00 8.91412688e+00
1.68837329e+00 8.89446981e+00
1.35302867e+00 8.85921604e+00
1.45571611e+00 9.04490343e+00
1.90291591e+00 8.75831915e+00
2.54063941e-02 4.01914255e+00
8.27175398e-01 6.84103696e+00
9.76255876e-02 4.81582242e+00
1.99857123e-01 3.68561238e+00
1.01613261e+00 6.46344854e+00
4.00495079e-01 4.61756153e+00
1.48830834e+00 8.45774339e+00
3.85784006e-01 3.21438541e+00
1.40168950e+00 7.98486624e+00
5.86456212e-01 4.18885101e+00
1.54895891e+00 8.46060979e+00
1.02176775e-02 4.29706975e+00
2.25715307e-01 4.06803046e+00
2.21907344e-01 3.58490782e+00
4.95336457e-01 7.05581760e+00
4.64725985e-02 4.04787249e+00
1.45464231e+00 7.46699513e+00
6.80069884e-01 7.17356576e+00
3.95006313e-01 6.90706602e+00
1.81835919e+00 1.00644557e+01
1.95669397e+00 1.04604333e+01
1.06560509e+00 6.56186893e+00
5.18263699e-01 7.41768066e+00
1.16762524e+00 6.63306338e+00
6.51381306e-01 5.16962652e+00
1.77779863e+00 8.92568927e+00
1.25280905e+00 8.81142811e+00
1.63774738e+00 8.27497363e+00
1.09469084e+00 9.55931293e+00
8.33424012e-01 8.31763691e+00
1.48609438e+00 8.39594229e+00
7.39192762e-01 6.46897919e+00
1.50333088e-01 4.53407649e+00
1.55038596e+00 9.01364797e+00
4.38818489e-01 5.23131871e+00
1.58684254e-01 5.35968048e+00
9.73561043e-01 4.92858955e+00
3.07347804e-01 4.86197655e+00
1.65693027e+00 8.18778792e+00
3.82737136e-01 3.53458796e+00
5.40817908e-01 3.82545342e+00
1.12206884e+00 7.06040408e+00
1.80476078e+00 1.00842040e+01
1.70357668e+00 1.05135845e+01
8.36163921e-01 5.57993775e+00
7.86952537e-01 6.63546582e+00
3.24410266e-02 2.56719372e+00
5.98426744e-01 6.94786703e+00
7.07556437e-01 5.21927087e+00
1.78700533e+00 9.54664436e+00
1.57227314e+00 8.92205488e+00
1.54277385e+00 9.10832020e+00
8.40109715e-01 7.66433039e+00
1.55205028e+00 8.04596666e+00
9.28616287e-01 7.06929070e+00
3.63540331e-01 6.52268065e+00
1.76805121e+00 8.89229807e+00
1.43758454e+00 1.15300297e+01
1.34376260e+00 6.91636019e+00
5.13127265e-01 4.88098465e+00
8.61603645e-01 6.95839480e+00
3.29071529e-02 2.97055168e+00
4.69987653e-01 5.26148170e+00
1.02234262e+00 5.88443780e+00
5.84018481e-01 5.04227386e+00
1.00378702e+00 4.25122982e+00
9.96546260e-01 7.27271509e+00
2.07543048e-01 5.71044451e+00
8.92886231e-01 6.78615502e+00
1.93837834e+00 9.60686078e+00
1.47694224e+00 7.76422413e+00
1.43910122e+00 7.66241623e+00
1.78608677e+00 1.07924826e+01
1.92534936e+00 9.42339386e+00
3.94100456e-01 4.16563131e+00
1.42917993e+00 8.90109862e+00
3.23847879e-01 4.78925295e+00
1.73250954e+00 9.51168702e+00
1.24764049e+00 8.62159339e+00
1.91891025e+00 9.32966334e+00
1.04828408e+00 8.06523273e+00
7.28657563e-02 5.25671307e+00
1.45374316e+00 8.81165672e+00
7.81968774e-03 6.08431894e+00
1.00588002e-01 4.74245033e+00
1.98398463e+00 8.29671129e+00
4.24515001e-01 6.90839908e+00
1.89474133e+00 1.04235424e+01
9.03081098e-01 5.65267702e+00
1.99758935e+00 1.01601794e+01
1.29500298e+00 9.02635276e+00
1.40448142e+00 6.94102685e+00
8.59163531e-01 6.27077412e+00
3.35549520e-01 6.77410495e+00
2.36266187e-01 3.92117584e+00
